30 59
28 5
73 75
0 99
59 87
22 34
63 92
99 32
99 5
14 78
95 54
5 53
31 68
35 19
6 22
75 7
11 11
32 55
86 72
52 72
68 81
96 12
12 92
85 3
7 71
42 19
7 68
63 59
55 54
57 62
75 94
8 46
98 92
41 40
50 32
77 3
72 73
16 14
13 26
19 50
58 28
45 9
92 20
88 21
84 53
48 76
37 61
70 66
92 50
67 17
65 80
28 37
35 56
50 21
86 72
15 0
94 80
35 17
57 93
46 83
42 68
78 41
45 72
33 39
83 85
6 61
6 9
93 21
25 53
82 36
90 79
66 10
30 96
29 3
75 61
43 45
97 56
14 9
66 77
21 78
84 46
43 89
53 21
36 26
91 68
77 96
14 11
12 86
13 27
10 59
85 10
44 99
74 36
37 43
77 97
2 17
51 41
5 97
87 77
48 74
