67 69
29 27
43 36
86 11
63 8
96 42
9 24
28 63
39 46
64 60
10 0
85 6
78 29
85 36
12 72
77 43
37 20
30 55
71 97
47 0
73 44
23 36
54 50
17 96
27 45
84 6
88 19
74 14
53 77
49 57
18 37
94 31
28 65
42 34
51 19
10 36
81 18
50 97
17 66
62 13
66 96
37 41
87 74
20 22
72 58
24 44
95 94
84 38
20 68
29 22
90 27
71 94
60 82
17 27
61 89
78 46
5 7
40 5
64 44
70 64
68 7
25 81
98 88
15 87
74 59
57 54
2 57
67 88
78 72
18 43
73 96
21 60
31 85
57 45
91 63
32 7
80 88
61 51
9 75
75 29
1 88
68 64
1 29
36 81
1 13
11 83
83 12
59 13
8 62
27 50
87 45
18 99
41 25
32 62
62 91
84 62
54 38
94 76
20 46
80 85
4 8
68 23
73 0
37 46
73 78
19 11
94 23
64 92
49 15
66 23
78 8
35 73
64 69
97 27
47 14
14 48
20 13
3 3
12 18
1 87
62 69
97 73
55 92
35 9
3 41
18 90
74 33
86 82
24 38
26 81
83 87
82 70
35 73
86 5
17 99
73 33
25 32
16 67
25 82
25 32
60 19
1 66
4 71
47 60
41 24
40 33
17 38
40 66
21 99
13 88
78 43
28 70
48 70
21 6
14 71
24 32
26 98
34 79
9 98
81 65
79 43
65 64
24 62
64 70
24 71
30 46
36 98
18 59
63 91
28 86
48 80
35 73
53 24
78 91
93 57
32 72
27 28
74 33
31 93
87 49
91 18
82 47
55 24
63 9
69 56
8 86
28 77
54 67
76 87
69 47
80 90
61 45
36 29
19 4
46 1
32 87
71 26
60 92
94 24
31 54
50 52
62 82
22 30
14 82
11 59
70 73
29 99
90 96
94 44
7 95
24 67
6 5
54 69
22 40
91 31
75 91
35 67
81 11
22 86
25 18
31 14
90 81
70 77
77 85
42 53
55 63
83 83
75 17
8 43
21 28
33 9
70 73
75 26
62 33
52 18
45 40
63 18
41 94
42 12
96 60
88 46
74 7
57 64
87 60
27 30
89 84
43 30
63 18
7 84
9 19
52 66
24 98
59 23
7 29
48 39
81 77
30 65
86 33
52 16
52 78
94 52
45 95
51 53
60 28
1 33
26 9
38 2
4 49
92 71
39 82
37 99
39 80
42 6
12 81
86 85
3 95
50 44
6 74
79 67
28 58
68 17
64 20
50 17
76 33
66 92
85 47
26 25
74 89
52 15
7 48
88 28
29 51
77 51
63 68
76 28
92 15
86 96
92 16
83 93
40 6
59 37
87 15
1 26
87 16
23 38
65 25
30 72
9 47
83 71
18 25
94 12
86 49
31 99
33 8
3 24
53 93
42 94
95 68
83 29
68 77
3 54
51 69
12 19
99 85
62 6
28 51
69 66
64 2
55 50
76 1
28 11
29 28
96 16
13 50
0 45
35 93
13 71
28 24
78 67
63 2
97 59
32 67
21 28
0 44
91 71
45 50
24 57
18 76
39 58
35 78
20 85
11 22
96 54
53 69
48 65
93 6
41 87
52 76
70 40
8 86
55 60
92 20
37 0
27 46
46 44
19 44
11 38
20 37
25 18
2 36
29 33
41 38
44 13
1 55
36 27
43 64
49 92
8 86
60 58
56 64
50 94
17 47
0 8
22 50
99 43
35 34
71 63
72 4
98 85
10 23
71 24
22 9
44 67
53 69
41 12
49 63
78 53
71 7
53 30
25 62
14 17
87 7
72 38
97 42
38 39
49 89
46 73
91 83
53 90
57 44
40 14
34 28
91 4
19 85
69 5
50 55
27 93
86 38
90 47
63 22
8 16
43 0
95 4
43 93
14 23
26 76
17 95
55 77
64 43
1 9
31 50
23 34
69 78
18 87
11 42
84 66
85 43
59 54
4 6
99 51
87 9
77 52
3 61
21 4
21 15
22 58
80 62
78 48
73 84
37 52
68 7
72 48
64 84
91 31
98 59
70 77
71 65
1 61
52 54
3 55
15 15
34 37
45 16
18 47
50 52
52 14
49 65
53 86
97 48
32 64
38 26
44 59
86 85
19 99
23 95
61 40
1 15
13 9
88 67
3 93
16 65
2 0
94 46
52 98
57 41
25 61
62 49
65 21
72 68
75 49
91 7
99 29
24 35
46 47
18 26
45 92
40 51
52 11
55 48
50 74
48 22
59 25
31 90
13 31
58 18
92 51
62 40
17 32
27 68
90 98
55 14
21 86
21 42
26 10
20 4
46 81
28 28
50 72
73 14
41 25
88 48
51 47
30 20
79 56
34 21
17 95
23 67
1 61
84 35
63 95
73 41
76 26
3 17
49 3
80 21
16 15
21 8
20 98
64 92
34 49
18 70
78 1
54 72
31 67
32 25
20 66
54 1
64 47
17 63
61 66
51 98
1 13
1 0
78 98
32 52
97 30
62 44
82 93
87 27
10 6
46 68
29 92
6 46
74 67
9 13
22 68
48 26
58 3
41 24
90 47
98 11
95 97
31 46
72 79
60 50
42 80
40 21
65 52
75 85
59 34
87 16
27 50
37 73
34 17
60 63
52 28
62 55
14 73
32 36
45 42
91 82
87 56
25 78
69 35
3 26
57 7
48 98
9 31
48 35
22 47
6 1
99 86
16 82
10 70
74 18
29 94
86 90
53 45
10 69
77 29
7 48
38 40
19 6
20 44
59 80
44 90
92 30
8 16
12 41
73 15
23 17
56 44
99 92
77 49
42 34
44 97
67 20
73 64
1 28
83 64
24 95
70 56
89 82
27 55
69 39
4 82
26 40
77 60
79 14
89 7
10 12
43 95
51 54
94 51
37 1
15 48
45 21
14 14
86 2
7 74
13 14
56 70
40 83
49 17
94 97
83 31
80 74
1 0
27 34
5 45
71 32
32 63
55 82
98 69
34 57
89 38
94 4
20 51
3 35
35 31
0 89
2 76
23 95
56 0
39 72
62 70
36 13
5 18
50 94
9 91
86 72
56 46
93 58
36 81
75 51
48 88
61 94
46 60
0 76
54 50
7 79
54 98
83 4
47 93
14 65
63 5
9 61
58 59
59 28
92 4
39 51
0 77
37 99
83 54
2 71
19 15
87 81
16 89
41 98
26 62
11 6
73 76
27 86
57 53
62 98
64 72
51 67
34 17
68 13
38 82
42 99
64 50
70 80
35 15
21 18
37 28
48 50
13 46
57 46
33 95
15 7
72 77
72 32
40 49
6 32
37 0
51 16
17 80
26 80
89 88
43 32
41 37
91 69
45 33
82 18
15 17
86 4
89 79
73 45
19 32
66 64
70 8
81 75
46 64
85 47
70 64
8 61
97 13
10 18
36 59
78 9
27 0
75 53
22 11
62 98
6 71
94 33
72 22
9 23
42 7
33 23
68 23
47 96
91 22
55 3
38 58
10 7
57 48
54 42
75 15
84 83
83 21
40 90
59 10
46 32
66 64
28 6
0 62
73 65
32 45
60 38
19 60
6 24
28 40
42 31
16 16
43 85
98 44
89 60
47 36
0 31
33 88
31 1
27 63
85 64
7 44
2 92
83 51
24 49
13 69
29 39
41 78
93 27
33 84
42 39
12 84
0 14
76 10
18 99
24 31
47 18
2 43
78 93
22 61
15 60
47 94
53 55
66 41
69 97
10 54
45 18
39 23
6 87
39 27
49 39
43 46
72 22
82 21
2 32
29 68
68 60
15 92
88 59
60 46
8 76
17 65
11 87
15 63
40 22
98 27
64 32
28 1
59 16
83 7
39 51
11 7
17 90
57 18
40 2
45 23
40 35
12 2
76 36
11 53
25 25
24 85
95 71
11 38
5 81
64 64
4 0
60 66
61 48
48 69
46 10
63 5
92 58
45 73
91 94
97 5
2 2
10 49
9 56
36 82
9 8
30 25
51 28
8 96
49 65
78 12
94 81
81 21
81 14
16 93
62 25
9 31
29 80
51 68
48 6
84 70
3 13
48 41
15 66
19 23
96 45
24 88
20 72
75 21
66 13
91 26
64 48
93 40
22 88
24 94
58 39
86 60
84 12
55 49
55 32
41 98
95 13
21 64
56 23
9 95
80 13
4 34
12 81
54 98
99 96
81 58
41 25
57 22
12 94
95 16
13 64
7 69
13 12
63 53
86 49
40 1
86 98
83 22
96 90
29 18
31 38
93 9
3 69
43 78
57 42
35 19
87 95
83 40
90 86
63 2
58 72
51 65
96 78
98 92
90 20
9 41
95 82
13 26
93 75
92 78
29 68
48 30
55 57
31 83
23 39
40 44
56 62
77 21
31 91
27 92
51 90
10 97
37 6
61 30
59 58
98 0
40 48
98 28
99 5
70 58
36 32
15 91
27 52
72 15
82 40
62 33
64 10
56 72
81 68
60 84
61 83
18 46
93 11
33 5
28 89
24 36
